exp01
A1
MACRO_F1
0.849976932453134 0.8566650740563784 0.8565283953595274 0.8565283953595274 0.8562661658341068 
0.849976932453134 0.8566650740563784 0.8565283953595274 0.8565283953595274 0.8566523318998567 
0.849976932453134 0.8566650740563784 0.8565283953595274 0.8565283953595274 0.8558666026073789 
0.5866696962762591 0.8595352713558901 0.8909328369565557 0.8710656558214083 0.8827977309640714 
0.8033457164160912 0.8050044790204052 0.8733216586573953 0.8757205717692896 0.8707925369769358 
0.8109249299968888 0.8751991125270224 0.9023904976064869 0.8958602220343628 0.8738623252882091 
0.800030030203208 0.7724447222968389 0.8919969279126162 0.8907995631982528 0.8903990569447744 
0.8300629778766223 0.7728817580976682 0.8817195371001407 0.8847935771139169 0.8839981439703035 
0.8464572061337219 0.7841423326502732 0.8745164482666121 0.88118544864988 0.8847994757096138 
EXE_TIME
0.007453857962617549 0.0009623738660626824 0.005415030637673235 0.010875851008104398 0.8643648904855645 
0.007248988382434263 0.0009588212143833985 0.013267575066543191 0.014107185080125983 0.7673471047270399 
0.007398989231123032 0.0009817160807612524 0.005207792623036944 0.01514929623943928 0.8585377522530724 
2.6780476521117156 0.21987005979116248 0.4979025539223585 0.40845862680538403 76.62091232884609 
0.11760895489277079 0.03572112315898579 0.2554107871926128 0.24401309112669978 15.873787312217686 
2.7284739900502473 0.11144234105529449 0.15299376035943624 0.13965671121559353 99.91662479142974 
0.11197681776357626 0.0368512611321421 0.16361263622938793 0.23276223799688012 14.350047112108669 
0.09782147451623757 0.03665033894270664 0.29245231255913495 0.24394361704941048 16.01384468359491 
0.11084273239970344 0.03667876015612137 0.25828448766225165 0.26402438855905075 6.851372448554628 

A2
MACRO_F1
0.764525782023861 0.7584134582143478 0.7618230246440701 0.7608849028932422 0.7655866062574992 
0.7700933582900268 0.7566938859333834 0.7635061914412722 0.7641853553383341 0.7664330848321027 
0.7667739955712035 0.7567648122333507 0.767944130546874 0.7729922759042953 0.77292155803912 
0.5747790850723692 0.7472516272879002 0.7725656545069791 0.7351686743008591 0.754456685634756 
0.6550527752420306 0.6615336796785886 0.7607377994106067 0.7619495222581589 0.7394695857905343 
0.6729521757587388 0.7518112222003285 0.7940357659411982 0.7773715274347962 0.7356365827523751 
0.6637365033012722 0.6639540356338371 0.7860732618331402 0.7848019606843809 0.7694827259133202 
0.6693544075179032 0.619906438271868 0.7764552288455161 0.7795698638094235 0.7566877965757252 
0.6991562987436245 0.6454904803152407 0.7661033147015551 0.7729952313103422 0.7740711627694997 
EXE_TIME
0.00599095494882107 0.005740295635884962 0.018225892593864756 0.0765860912107783 1.8835914466358155 
0.006168587532798142 0.002327776328208131 0.016787858141828593 0.07192540694638438 1.814865399896341 
0.0069635920308463994 0.006252272216805466 0.03470151212697914 0.06709656383582185 2.06963394661312 
2.7119687650864535 0.22358534396971663 1.2555327615671104 1.4736268902572647 97.97384379937944 
0.11558433817454272 0.03601915116098553 0.575216938727408 0.7812754730059623 16.735669688657453 
2.72506660235058 0.12522031374646758 0.29936577272746945 0.2721489082109656 122.57050928051308 
0.11637539528183538 0.050175678625549835 0.4389380097808555 0.7184973546560798 16.79166342651675 
0.0992559563165969 0.03692349838294717 0.7832618000338698 0.7752892549260366 16.43550930617107 
0.0993554305636053 0.03625717882357549 0.6689319426412794 0.8251562475945775 5.47017489704217 

A3
MACRO_F1
0.4996705791618082 0.49524398211562826 0.4912454129003773 0.4852657296167931 0.4881620288581484 
0.4994154647710466 0.48363896072424656 0.4921304062465329 0.49328070720239514 0.4961402658036243 
0.4986821096374346 0.48857123304132044 0.49086245611781426 0.4915666728883504 0.4925408453930523 
0.31936367001631955 0.5008242658546045 0.48204771517309836 0.4467507784770893 0.48193856139132407 
0.4029873677726529 0.4221306431296206 0.49020545636453183 0.4805914184711799 0.4536375071516673 
0.4183614102054939 0.5067510501761885 0.525451109990882 0.4923611820623529 0.46139451053819 
0.4125360922899103 0.4426504123699707 0.5172425383869956 0.5121990492043743 0.4867502610889586 
0.431645500712766 0.40368243180551905 0.506186997142305 0.49550125036749526 0.47809214285660157 
0.4477983291956484 0.4146629332335007 0.5003380944696886 0.4963648612422927 0.507133174457288 
EXE_TIME
0.006819907007368897 0.0029692273258916657 0.039159695245650994 0.09342408121519696 1.9118630539620156 
0.008773865431081163 0.0031492283443199653 0.06420075797797153 0.12838533165385257 3.5210496585704405 
0.01016689962851558 0.003815942642830805 0.11971054573071882 0.1721417634336646 3.0343000624871905 
2.7722363429161305 0.2403029385559421 2.442559740798515 3.4235948966552314 135.09927095640137 
0.12503636533730855 0.03563664899681385 1.0235098698584864 1.392681300696836 17.13935631477915 
2.7773229506428834 0.110247071134836 0.48287523205726757 0.43075151609400564 181.99507168264245 
0.11304142905015624 0.03678533970656872 0.8758399554102425 1.3449360305590972 16.971169836881927 
0.10042635767541697 0.03561572782581379 1.302096577651696 1.412610887140545 17.108154164556424 
0.10573165085020264 0.03597888777517255 1.1555118009221133 1.5035070593162345 12.519793993571284 

B1
MACRO_F1
0.8081514141654557 0.7779179847692683 0.8110596331589166 0.8095781122526484 0.809911357163663 
0.7777703043596802 0.7519053388779164 0.7913039739177979 0.7914142336587475 0.7816188796249444 
0.7840649252365808 0.7572966239964083 0.7944448869872115 0.7940994902344457 0.783074461632435 
0.3778460658439775 0.796893027235668 0.7780932648538278 0.74902651362048 0.7961934046097017 
0.5541323985853907 0.5866539559105247 0.6852021103564545 0.6976743496709922 0.6974429146980075 
0.688499787978613 0.7932991657966013 0.8010511583912789 0.8121683490041678 0.8197726098086792 
0.6180244416081206 0.6631443794053402 0.7557037552107775 0.7584485399244323 0.7543947228286537 
0.6581259557378948 0.6090013290191729 0.7303233640760503 0.7349511508709667 0.7230925421456973 
0.6249636225368844 0.5678986429654658 0.6838629546526465 0.7050863019575166 0.7078122676938304 
EXE_TIME
0.02131354164240662 0.009170972941031863 1.5266348217496493 0.295416013537972 5.994033124134781 
0.17073767654211736 0.05097344629712097 7.571817840548306 1.143110678126206 13.351706200442976 
0.1956800545055728 0.04740342609832737 8.022988024800668 1.2039786540897524 16.24016675357504 
12.055253996831825 0.8421260804500434 22.667238906746434 4.547887573574371 220.05640663493227 
0.20154785086284122 0.04227458129039263 8.144385685340062 2.8707347949468556 27.59491205016029 
11.502441658551561 0.47429044664340836 4.141304746855894 1.5050978577901333 275.8627954079211 
0.19435728386358164 0.04217392282615151 7.1337711515999445 2.2947133779835838 28.29068190780552 
0.17953088418789775 0.053838857246148564 8.498961638861886 2.493404107417973 27.577453135590133 
0.17650876182574393 0.043422877261036774 7.8233147898072275 3.3244048617643784 28.08726141476859 

B2
MACRO_F1
0.8502646016597516 0.8390163084992245 0.8470919441338811 0.8492083755786782 0.8487133556075345 
0.8484640633802124 0.818372587718131 0.8405437726250641 0.847702148531133 0.8475884492573661 
0.8502565080163197 0.8256002088752524 0.8465056929834498 0.8500820574267874 0.8472202324615441 
0.43591477322971395 0.8315373965742351 0.8439637938520861 0.8135608386664758 0.8447028793596691 
0.6363616872778753 0.6497945223742738 0.7547308240462004 0.7652029348673198 0.7793732293230218 
0.7130206104959688 0.704505885335771 0.8166494270284211 0.8606034536418667 0.854756807351107 
0.6840267822530881 0.7283742747629357 0.8081160834326748 0.8169676060320572 0.8319961936541284 
0.7489732646057358 0.643070872680321 0.7745809190064078 0.7854391260395115 0.8075296683091066 
0.7138624323992062 0.6332611797333998 0.7247564422424558 0.7577733186665594 0.7841779737106105 
EXE_TIME
0.012473754785730762 0.0044518672934259484 0.11477117567898176 0.07363107449162953 3.4896248755091506 
0.020899460352211463 0.007207146040400403 0.379619384688624 0.14975413676683047 3.9273770891072104 
0.025886988571130587 0.009029656351970061 0.45130479027710635 0.16087512074085453 3.516068840915864 
11.601386165737495 0.8024666455353326 8.496364650484338 3.405794927523857 195.96960035431766 
0.20818025680935648 0.07546503223636591 2.4408982840297426 1.3689527453905725 25.845626231832625 
11.460456421003073 0.4013450339261908 1.4116362763625148 0.7821707412294927 275.73182453532263 
0.20825604671182418 0.053649777228997664 1.7774780830997088 1.1946632066470784 26.103963614530983 
0.17551322987748108 0.06987947431809971 2.4949996427610586 1.288776107549097 25.415382744928593 
0.18159813272632164 0.05413175363992195 2.3847896770998886 1.5595035603491851 25.829087454047567 

B3
MACRO_F1
0.7694464888733618 0.7745353181914114 0.7727037272664585 0.7754110408412284 0.7733352662159894 
0.749320037440034 0.7496919865812427 0.7557722272757172 0.7564122952491709 0.7523682987119533 
0.7575611259313485 0.7604608409729867 0.7662365671208612 0.7708321672184304 0.7699510610705956 
0.44153893955881307 0.7581669687300199 0.7670086518344543 0.7469568719708605 0.7794019128077473 
0.6449292467222614 0.6367323485351808 0.7463775632810229 0.7550395026773056 0.7410394264048307 
0.7117088014967412 0.7826814326602236 0.7987394216362113 0.7935161766562822 0.7808049247859657 
0.7104522100687768 0.6546416610315748 0.78061827634763 0.7783661334624628 0.7737401559043734 
0.688992752033607 0.6729908485774493 0.7350291692637857 0.7420712780484322 0.7458872425059064 
0.6600382175317556 0.6470357707112904 0.7054639513305445 0.7147768379041968 0.71177845286973 
EXE_TIME
0.0027114627096125332 0.0016192196876545495 0.015517587796921362 0.01602680120424793 0.9426455965474361 
0.003441335260163214 0.001734088758666985 0.025166984497388967 0.021946703119454014 1.1210143688970788 
0.004370945782966373 0.004396209083836311 0.033520452813093016 0.02207459857993399 1.0868023332237158 
1.6376232128686752 0.20720406707550865 1.214425818462587 0.8720705919786269 44.49028645819908 
0.041374970937283706 0.017895101248598166 0.34324496835972695 0.2893322949064441 6.651173815851848 
1.580475652691348 0.09280710403982084 0.24772324369769194 0.17905561834140826 103.32644447856728 
0.03762771289365219 0.020847354794284456 0.2431742705912825 0.2697544209789271 6.575746678566759 
0.03205636558209335 0.02239473197028019 0.35449937414114174 0.31469862263691084 6.494735957058651 
0.03023977635666597 0.010920851262653741 0.3881489066316135 0.3797109641541283 5.997131825877204 

B4
MACRO_F1
0.844341056159889 0.8413778491539219 0.8466932516432663 0.843391556650544 0.8497871163996332 
0.8379340519590797 0.8376103176685068 0.835431259143762 0.8370975072266001 0.836471420222333 
0.842800303213953 0.841418050702978 0.8399949178768651 0.8425106262285884 0.8446470957290451 
0.49875709845810007 0.836130148027582 0.8163891435374532 0.8044576782015745 0.8405621688582586 
0.7497968233934273 0.7248273203871876 0.7939110393323062 0.8009411022901375 0.7820317520861989 
0.8229559998465623 0.8306411395499883 0.8464604036365736 0.8549292818018641 0.85188821133061 
0.8128088652815572 0.7628490846001643 0.8301457847189125 0.8269417450074483 0.8193383070990673 
0.7962509591007099 0.7756363478821278 0.8070434057525462 0.8041544706077731 0.7773326913572085 
0.7390065031096437 0.7182803215731908 0.7615894240264843 0.7686430498523287 0.7568605260832879 
EXE_TIME
0.0018560631330046817 0.0031350177375770727 0.008617943496290081 0.0056637162552419795 0.7391382609138759 
0.0019373793825252505 0.0013140863823650761 0.008697286050391995 0.005761216806888569 0.7481726541347484 
0.00237001340929055 0.0013993500226092692 0.010706902683807584 0.008947945363331655 0.6990402708857459 
1.6744322369195288 0.17684429004020785 0.9133097726735286 0.30977109475770703 45.09460869318082 
0.024234216062041014 0.015774957674068446 0.15952037623372917 0.11697105654678808 4.3213985289653465 
1.6209565396229664 0.09111012075481995 0.18633658058934088 0.16209525922295143 74.86304922514682 
0.022739733922151117 0.008357415706427673 0.11419485662878515 0.10289979272249639 3.78575576151286 
0.019006686485113278 0.008823207815453316 0.17581362631392494 0.13626669203529218 4.383932698566582 
0.018850369810934353 0.008777023344009649 0.17933233043277141 0.17728837150025356 3.47770691334199 

exp02
A1
MACRO_F1
0.8681940703834639 0.8654914358775403 0.8678935533002734 0.867893176925628 0.8723329274891293 
0.8681940703834639 0.8654914358775403 0.8678935533002734 0.867893176925628 0.8708342510508233 
0.8681940703834639 0.8654914358775403 0.8678935533002734 0.867893176925628 0.8708298489776336 
0.7779263260420168 0.8711057206527792 0.8898859990463216 0.8625490367167703 0.8702938719790869 
0.8203553369200729 0.7551241259011923 0.8688282068602085 0.8748267005145564 0.8738941590457194 
0.8564555080574503 0.8788424524509703 0.8931136522619154 0.8896280513961302 0.8544165531589569 
0.8494793156459437 0.8023736816478111 0.8856337642021832 0.8877556844881069 0.8855081131566279 
0.8594425986974276 0.8349728465314307 0.8826765813160806 0.887477691924789 0.8872425475848386 
0.8506989675029776 0.8289296155631987 0.8630861718822117 0.870690568399358 0.8716399943841759 
EXE_TIME
0.007078855840894738 0.0009592159534588252 0.00530647739191159 0.012954152240598038 1.235379752806496 
0.006665169289773232 0.0009521106500995913 0.005192397799092863 0.014922716010103532 1.1394111835106435 
0.006695564198587078 0.0009564527799303946 0.005566610442664377 0.01382889403190024 1.0366874444158043 
2.0473023728950044 0.20215377534373147 0.4574935095027399 0.5647531953141254 90.69201115216836 
0.11200326528163274 0.03667876015614269 0.24923233118292742 0.2680309901753368 16.20930052630561 
2.0677103830981878 0.10334505839966823 0.124799127152869 0.1223912187924725 124.89224965351775 
0.10748666077979152 0.03607717780508324 0.2076915698338837 0.26888954766455697 16.05908454482045 
0.0984952941181092 0.036199546918489034 0.2605179213513935 0.266133479439425 15.98932625539856 
0.09849805729163563 0.036526785612068124 0.19448754775848442 0.3035168488453337 4.258745937641464 

A2
MACRO_F1
0.7656429230356737 0.7178059108883517 0.7702069028741098 0.7702004396204559 0.7647514942967707 
0.7706277330681797 0.7200792296052305 0.7655743120797526 0.7660684633135014 0.7674700308186898 
0.7671787769999311 0.7174458608329091 0.7714799137019136 0.7723400987401049 0.7684985222701642 
0.5404010405410145 0.7672364899092213 0.7604180398484292 0.7165031045352855 0.7301579650745528 
0.682981635558051 0.6786675458783445 0.748899713869554 0.7529323013526633 0.7325313873185954 
0.7223716584604388 0.7675628863997495 0.7754590100655893 0.7559871654444229 0.7077109104294291 
0.7091452684336793 0.6852357871909853 0.7764919112391683 0.7739836704340544 0.7495346797988728 
0.7402465721004196 0.7033586416131058 0.769467544453792 0.7695382989926927 0.7483642332496064 
0.7254182733846298 0.6870819781206801 0.7473133157310577 0.752033168793344 0.758017348031204 
EXE_TIME
0.005865822661892395 0.002276065509317249 0.01636430311382142 0.07480818641474052 1.9660753343736026 
0.006001612903862252 0.002282776073601056 0.01831036675602249 0.06435628517371939 1.2055343207862883 
0.007327936197533802 0.0028444897780346423 0.024883167102128567 0.07873505073778553 2.4152062965619407 
2.2442163817505616 0.18188905542490375 1.2493037789556638 1.7848072035144469 103.49495266881104 
0.11856382871638971 0.03652560139485672 0.6958460422868171 0.8128826255201176 17.033361767704733 
2.2566861891457393 0.09766318414699526 0.24548388892208095 0.24048491326993826 139.9930443027506 
0.10810284847664775 0.03706718340643533 0.5222196651902209 0.7776979527647256 17.060525342446027 
0.09788976437630481 0.05304503696532947 0.7019226556150215 0.7976756973756665 17.202201538771874 
0.10550191270817777 0.036756918493097146 0.6270217055175067 0.878944972978104 9.086894702167399 

A3
MACRO_F1
0.46616513600482534 0.42533309976435 0.4596655798585404 0.4582011248237075 0.46443808594689856 
0.46639010257671354 0.43081124628997436 0.46305208201219566 0.45940349526762814 0.46590170823709187 
0.46865275035987947 0.43425824716449013 0.4603061469691747 0.4574914465224132 0.4618764492321198 
0.30215798649026143 0.48162178983869375 0.4593428417447198 0.4305142626068613 0.44970177623109847 
0.3862090252109853 0.38901115087097715 0.4521109966940021 0.4460667796492549 0.4503673971064862 
0.4147381899841984 0.4771916184695537 0.4753962461563407 0.4509325547883704 0.4316033311300709 
0.4122570485511748 0.4104293399711706 0.46985034160230327 0.4620871896967113 0.46101291904278074 
0.4380024676995566 0.4234278825139922 0.4729207299093655 0.4589466615317782 0.46961206635018343 
0.43696003774889414 0.4178847840156725 0.45244058849008006 0.4463074835879479 0.4712970974757611 
EXE_TIME
0.006832143918710898 0.0026542255436439177 0.04191734242706957 0.10642994427468366 1.4366398388832984 
0.008676364879434573 0.007326357241229431 0.07399739235366809 0.14949558267237606 1.5057985196495203 
0.010147557413812791 0.003510019859323421 0.10070109607199029 0.17567309920305973 2.375190412261542 
2.137076301879233 0.1788961437546277 2.111870238213214 3.224868640704244 150.17674244735872 
0.11742776965712665 0.03701586732660189 1.206146166353335 1.4275663664939202 17.105378754116657 
2.09707739135888 0.10513046323831077 0.4142956335144845 0.3606308562011691 188.9623245236785 
0.10810482217203798 0.03646560105534036 0.9024493164895375 1.4000341054560863 17.404509657094138 
0.09825687171650088 0.05333556492490743 1.338547178622207 1.4142091856572279 17.17888390684317 
0.09948806289298773 0.03593270330350151 1.04469314760604 1.5520035179147271 10.543362284812929 

B1
MACRO_F1
0.5644803873310761 0.6150189005578087 0.5159960254266139 0.6464113242777221 0.6253920482128554 
0.5852022913347922 0.596245092540818 0.5457500082357514 0.6347027290218994 0.6359811769048651 
0.5841427281234253 0.6003003048027848 0.5473892439031174 0.6422190774703089 0.6469281337727562 
0.2788852103791505 0.5448005423043887 0.7722162476879629 0.7704905671444696 0.7870203063402376 
0.3613476680394978 0.3628336929781315 0.3963535136706173 0.5065958277886402 0.6299669267685447 
0.41453980164992077 0.3138359526447441 0.49694563218710225 0.784816243415965 0.7787679236545249 
0.5422654608219152 0.6055175291763406 0.568302224246056 0.7080630700872195 0.7705921231582781 
0.4467654246728044 0.4262856829293278 0.4843400598854218 0.6597709109256226 0.7602920110596545 
0.45080619723732623 0.4392410536413848 0.37187043975388795 0.5417305332998822 0.6914029982589638 
EXE_TIME
0.017894311770447757 0.007826491649893796 0.7900299962223443 0.27547971652997205 7.1951976833553175 
0.13480536797771947 0.06524839548433192 4.925034707433156 1.3057873880076158 13.615997827356182 
0.1529258652385579 0.05121936874115818 5.202809436947973 1.3761780494285176 13.50714931676589 
251.2883032101363 41.099640037437894 225.63363121659768 58.19891138857747 593.9646830896545 
14.108369692091856 0.2722546982831773 6.022896445335391 2.492774893331898 29.970830361276967 
82.54661848744581 3.63430108880857 65.82087727601538 12.850017704047787 1889.1603323545096 
1.0823757292318987 0.12985770840532496 5.167760554434608 1.6443783826671279 25.886319093648126 
0.14194343467988801 0.05509175907172903 5.690764566168127 1.8915691233514735 25.060602316565564 
0.14433950086822733 0.05074094498013437 4.462184983414772 2.7077391358925524 22.032922817852523 

B2
MACRO_F1
0.9048344110878472 0.826986333486809 0.8955235964316256 0.9119866349345226 0.9103060211891439 
0.8875501816318508 0.782405479706721 0.8722087772285912 0.9000809615588802 0.9007645280157285 
0.8926377851128459 0.796493662411512 0.8843152242262229 0.9091006891001808 0.9116024216495746 
0.5939012271956792 0.8811026110042047 0.9293235935023156 0.9181637767184225 0.9253080315608427 
0.8177752045314545 0.5949195642818594 0.8616870016825657 0.8923129184908755 0.912768063850574 
0.8087748818641841 0.7140700612690256 0.9183496230879028 0.9399719538357014 0.9422261858266903 
0.8735067907776249 0.806499683436335 0.9080834561617921 0.921833665055327 0.9346319614542227 
0.8187501162101998 0.6723293343527669 0.857924026856675 0.8992830611798364 0.9185832905959893 
0.8533041600709645 0.7177788589943765 0.8191390129710859 0.8876464949059496 0.9085570053819796 
EXE_TIME
0.011884014606948767 0.004754632164349459 0.14398778835197845 0.08305744361450706 3.770401200953984 
0.02566593468895917 0.012574807989039982 0.6905975915390172 0.23507580371824588 3.9418920396522026 
0.03148241496637638 0.011116247105292132 0.7910934232918407 0.2585027783707119 7.648029719115584 
192.56860150656212 27.906888552130113 145.58197960856705 93.94562192917874 477.7269155601789 
8.576945106399762 1.4739939975979723 7.985023599476335 1.7934279101846187 24.506449444384998 
97.65475015187985 3.9223942977550905 44.51690252984554 10.697895922305179 1733.3295629172644 
0.9675631059490115 0.0822016493002593 2.644959833325629 1.0308378060544783 23.76110075359611 
0.13594063755954267 0.06581997766625136 2.6201335086498148 1.092391443793531 17.61791981191527 
0.13606616458491771 0.04355985171969223 2.201239164905928 1.426223464159193 13.840376202129846 

B3
MACRO_F1
0.7489954127021549 0.7281593876723446 0.7722408694715363 0.811843828357362 0.7724561819641966 
0.7158190240505692 0.7080008575320201 0.7354982469431701 0.7544560844142932 0.7547218751694769 
0.7172695448476897 0.724592044860928 0.7370453278196126 0.7762965349019592 0.7618469507048485 
0.3102378485218864 0.7269135783829301 0.8102901947836859 0.8174026227528576 0.8229558262453007 
0.4750714725872094 0.560316678480413 0.6817424229219167 0.8107372608279921 0.8050800682729325 
0.6027124651363194 0.4734034731456304 0.7397838419607834 0.9013726104449663 0.870225171896823 
0.6095371406770608 0.5451169888199439 0.8352585698732177 0.8899237923683508 0.884919273678237 
0.5753444522915484 0.6411133430585522 0.668266006851132 0.7695545272744068 0.7766324766261253 
0.46791809096226855 0.4732254929402163 0.3327789209698278 0.5783099893168738 0.5467423898959844 
EXE_TIME
0.0008206625379898469 0.0014226396283447684 0.00666437981180934 0.006230561567463155 0.5709162564999133 
0.001640140858853556 0.00226027594635525 0.023861187635702663 0.011128484016353468 0.7250152862707182 
0.0018205366159236291 0.0018067207483909442 0.026579755648981518 0.012461517874271522 0.7455839552776524 
0.6513668432598934 0.2512083949986845 0.863857650772843 0.74234354220971 25.513113034721755 
0.005438320242319605 0.005589110569417244 0.07912544768259977 0.08343520890957734 1.2624197742170509 
0.36048835539259017 0.07041671419574413 0.24578783801553072 0.160907884084736 90.0522752957695 
0.0052330559246911434 0.0026072515938722063 0.07810978404268099 0.06274969713558676 1.244661252689184 
0.003929232757400314 0.0026972521027346374 0.07024421322330454 0.05814190790806606 1.2163414871956775 
0.003841600682733315 0.0025918567696976424 0.062401142532792164 0.1237455685604516 1.2096009227420552 

